
        <!-- ↓↓北海道↓↓ -->
        <area shape="poly"
            coords="746,71, 746,73, 743,73, 743,74, 742,74, 742,75, 741,75, 741,76, 740,76, 740,77, 739,77, 738,77, 737,77, 736,77, 735,77, 735,78, 734,78, 734,79, 733,79, 733,80, 732,80, 732,81, 731,81, 731,82, 730,82, 730,83, 730,84, 730,85, 729,85, 729,86, 728,86, 728,87, 727,87, 727,88, 727,89, 726,89,
726,90, 725,90, 724,90, 724,91, 723,91, 722,91, 722,94, 722,95, 722,96, 721,96, 721,97, 720,97, 720,96, 719,96, 719,95, 718,95, 718,94, 718,93, 719,93, 719,92, 719,91, 720,91, 720,90, 721,90, 722,90, 722,89, 723,89, 723,88, 724,88, 724,87, 725,87, 725,86, 726,86, 726,85, 726,84, 726,83, 727,83, 727,82, 728,82, 728,81, 729,81,
729,80, 729,79, 730,79, 730,78, 731,78, 731,77, 732,77, 732,76, 732,75, 733,75, 733,74, 733,73, 734,73, 734,72, 734,71, 735,71, 735,70, 735,69, 737,69, 737,70, 738,70, 739,70, 739,71, 740,71, 740,72, 743,72, 743,71, 744,71, 745,71, 746,71"
            href="javascript:window.open('/property/11hokkaidou/','_top');void(0);" alt="北海道" region="hokkaidou">
        <area shape="poly"
            coords="563,157, 561,157, 561,156, 561,155, 560,155, 560,154, 560,153, 561,153, 561,152, 563,152, 563,155, 563,157"
            href="javascript:window.open('/property/11hokkaidou/','_top');void(0);" alt="北海道" region="hokkaidou">
        <area shape="circle" alt="北海道" coords="738,105,4"
            href="javascript:window.open('/property/11hokkaidou/','_top');void(0);" region="hokkaidou">
        <area shape="poly"
            coords="615,82, 616,82, 616,83, 616,84, 616,85, 616,89, 616,92, 615,92, 615,89, 615,87, 615,84, 615,82"
            href="javascript:window.open('/property/11hokkaidou/','_top');void(0);" alt="北海道" region="hokkaidou">
        <area shape="poly"
            coords="615,82, 615,79, 616,79, 616,78, 616,77, 617,77, 617,76, 617,75, 618,75, 618,72, 618,71, 618,70, 618,69, 619,69, 619,68, 619,67, 619,66, 618,66, 618,65, 618,64, 618,63, 618,62, 618,61, 618,60, 618,59, 617,59, 617,58, 617,57, 616,57, 616,56, 616,55, 616,54, 615,54, 615,53, 615,52, 614,52,
614,51, 614,50, 613,50, 613,49, 613,48, 613,47, 612,47, 612,46, 612,45, 612,44, 612,43, 613,43, 613,42, 613,41, 614,41, 614,40, 614,39, 613,39, 613,38, 613,37, 614,37, 614,38, 615,38, 616,38, 617,38, 618,38, 618,37, 619,37, 619,36, 619,35, 619,34, 620,34, 620,33, 621,33, 621,34, 621,35, 622,35, 622,36, 623,36, 623,37, 623,38,
624,38, 625,38, 625,39, 626,39, 626,40, 627,40, 627,41, 628,41, 628,42, 629,42, 629,43, 629,44, 630,44, 630,45, 631,45, 631,46, 632,46, 632,47, 633,47, 633,48, 634,48, 634,49, 635,49, 635,50, 636,50, 636,51, 636,52, 637,52, 637,53, 638,53, 638,54, 638,55, 639,55, 639,56, 639,57, 640,57, 640,58, 640,59, 641,59, 641,60, 642,60,
642,61, 643,61, 643,62, 644,62, 644,63, 645,63, 645,64, 646,64, 646,65, 647,65, 647,66, 648,66, 648,67, 649,67, 649,68, 650,68, 650,69, 651,69, 651,70, 652,70, 652,71, 653,71, 654,71, 654,72, 655,72, 655,73, 656,73, 657,73, 657,74, 658,74, 659,74, 659,75, 659,76, 660,76, 660,77, 661,77, 661,78, 662,78, 663,78, 663,79, 664,79,
664,80, 665,80, 668,80, 668,81, 668,82, 669,82, 669,83, 670,83, 670,84, 671,84, 672,84, 673,84, 674,84, 675,84, 676,84, 676,83, 677,83, 678,83, 680,83, 680,87, 682,87, 682,86, 683,86, 683,85, 683,84, 684,84, 684,85, 684,86, 684,87, 685,87, 685,88, 686,88, 687,88, 687,89, 693,89, 700,89, 700,88, 700,87, 701,87, 701,86, 702,86,
702,85, 703,85, 703,84, 703,83, 705,83, 705,82, 706,82, 706,81, 707,81, 707,80, 708,80, 708,79, 709,79, 710,79, 710,78, 710,77, 711,77, 711,76, 711,75, 712,75, 712,74, 713,74, 713,73, 714,73, 714,74, 714,76, 714,77, 713,77, 713,78, 713,79, 712,79, 712,80, 712,81, 711,81, 711,82, 711,83, 711,84, 710,84, 710,85, 709,85, 709,86,
709,87, 708,87, 708,88, 708,89, 707,89, 707,90, 707,91, 707,92, 707,93, 707,94, 707,95, 707,96, 708,96, 708,97, 708,98, 709,98, 709,99, 710,99, 711,99, 711,100, 712,100, 713,100, 715,100, 715,101, 714,101, 714,102, 713,102, 712,102, 712,105, 713,105, 713,106, 713,107, 713,108, 714,108, 714,109, 715,109, 715,110, 716,110,
716,111, 717,111, 717,112, 720,112, 720,111, 721,111, 721,110, 722,110, 722,109, 723,109, 723,108, 724,108, 725,108, 726,108, 726,107, 727,107, 728,107, 728,108, 727,108, 727,109, 726,109, 725,109, 724,109, 724,110, 723,110, 723,111, 722,111, 722,112, 721,112, 721,113, 721,114, 721,115, 717,115, 716,115, 716,116, 715,116,
714,116, 713,116, 713,117, 709,117, 709,118, 709,119, 710,119, 710,120, 709,120, 709,121, 708,121, 707,121, 707,122, 706,122, 706,123, 705,123, 704,123, 703,123, 702,123, 702,122, 701,122, 701,121, 700,121, 700,122, 699,122, 699,123, 698,123, 698,124, 699,124, 699,125, 698,125, 695,125, 693,125, 692,125, 691,125, 690,125,
690,124, 689,124, 688,124, 688,123, 687,123, 686,123, 684,123, 684,124, 683,124, 682,124, 682,125, 681,125, 680,125, 680,126, 679,126, 679,127, 678,127, 677,127, 677,128, 676,128, 676,129, 675,129, 675,130, 674,130, 674,131, 673,131, 673,132, 672,132, 672,133, 671,133, 671,134, 670,134, 670,135, 669,135, 669,136, 668,136,
668,137, 668,138, 667,138, 667,139, 666,139, 666,140, 665,140, 665,141, 665,142, 664,142, 664,143, 664,144, 663,144, 663,145, 662,145, 662,146, 662,147, 662,148, 661,148, 661,149, 661,150, 661,151, 661,152, 662,152, 662,153, 662,154, 662,155, 662,156, 662,157, 661,157, 661,158, 661,159, 660,159, 660,160, 658,160, 658,159,
657,159, 657,158, 656,158, 655,158, 655,157, 654,157, 653,157, 653,156, 652,156, 652,155, 650,155, 649,155, 648,155, 648,154, 647,154, 646,154, 646,153, 645,153, 644,153, 644,152, 643,152, 642,152, 642,151, 641,151, 640,151, 640,150, 639,150, 639,149, 638,149, 637,149, 636,149, 636,148, 635,148, 635,147, 634,147, 634,146,
633,146, 633,145, 632,145, 632,144, 630,144, 629,144, 629,143, 628,143, 627,143, 627,142, 626,142, 626,141, 625,141, 624,141, 624,140, 623,140, 623,139, 622,139, 621,139, 620,139, 620,138, 619,138, 618,138, 617,138, 616,138, 615,138, 615,139, 614,139, 613,139, 613,140, 612,140, 611,140, 611,141, 610,141, 609,141, 609,142,
608,142, 608,143, 607,143, 607,144, 606,144, 605,144, 605,145, 604,145, 604,146, 603,146, 603,147, 602,147, 602,148, 601,148, 601,149, 600,149, 599,149, 599,147, 598,147, 598,146, 598,145, 597,145, 597,144, 596,144, 596,143, 595,143, 595,142, 595,141, 594,141, 594,140, 586,140, 586,141, 585,141, 585,142, 584,142, 584,143,
584,144, 583,144, 583,145, 583,146, 582,146, 582,147, 582,148, 582,149, 582,150, 582,151, 582,152, 583,152, 583,153, 584,153, 585,153, 585,154, 586,154, 587,154, 587,155, 588,155, 588,156, 589,156, 590,156, 593,156, 594,156, 594,157, 595,157, 595,158, 596,158, 596,159, 596,160, 597,160, 598,160, 598,161, 599,161, 599,162,
599,163, 600,163, 600,164, 601,164, 602,164, 602,165, 603,165, 604,165, 604,166, 605,166, 605,167, 605,168, 603,168, 603,169, 602,169, 602,170, 601,170, 600,170, 600,169, 599,169, 598,169, 598,168, 597,168, 596,168, 595,168, 595,167, 594,167, 594,166, 593,166, 592,166, 592,167, 591,167, 591,168, 591,169, 590,169, 590,170,
589,170, 588,170, 587,170, 587,173, 587,175, 587,176, 586,176, 586,177, 585,177, 584,177, 584,178, 583,178, 582,178, 582,179, 581,179, 581,180, 580,180, 579,180, 578,180, 577,180, 577,178, 576,178, 576,177, 576,176, 576,175, 575,175, 575,172, 576,172, 576,171, 576,170, 577,170, 577,169, 577,168, 578,168, 578,167, 578,166,
579,166, 579,164, 579,161, 578,161, 578,160, 578,159, 577,159, 577,158, 576,158, 576,157, 576,156, 574,156, 573,156, 573,155, 572,155, 572,154, 572,153, 571,153, 570,153, 570,152, 569,152, 569,151, 569,150, 569,149, 569,148, 570,148, 570,147, 570,146, 571,146, 571,143, 571,142, 570,142, 570,141, 570,140, 570,139, 570,138,
571,138, 571,137, 572,137, 573,137, 574,137, 575,137, 576,137, 576,136, 577,136, 577,135, 578,135, 578,134, 578,133, 580,133, 580,134, 581,134, 582,134, 582,133, 582,132, 583,132, 583,131, 584,131, 584,130, 584,129, 585,129, 585,128, 586,128, 586,127, 587,127, 588,127, 588,126, 588,124, 587,124, 587,123, 586,123, 586,122,
586,121, 585,121, 584,121, 584,120, 583,120, 583,119, 582,119, 582,118, 582,117, 583,117, 583,116, 583,115, 584,115, 584,114, 585,114, 585,113, 587,113, 587,114, 588,114, 588,115, 589,115, 589,116, 590,116, 590,117, 592,117, 593,117, 593,118, 594,118, 594,119, 595,119, 596,119, 597,119, 597,118, 600,118, 600,119, 600,120,
601,120, 602,120, 603,120, 603,121, 604,121, 605,121, 605,120, 606,120, 607,120, 607,119, 608,119, 608,118, 609,118, 609,117, 609,116, 610,116, 610,115, 611,115, 611,114, 611,113, 611,112, 611,111, 610,111, 610,110, 610,109, 609,109, 609,108, 609,107, 609,104, 609,103, 608,103, 608,102, 608,101, 608,100, 608,99, 609,99,
609,98, 609,97, 611,97, 611,96, 612,96, 613,96, 613,95, 614,95, 614,94, 615,94, 615,92, 616,92, 616,89, 616,85, 616,84, 616,83, 616,82, 615,82"
            href="javascript:window.open('/property/11hokkaidou/','_top');void(0);" alt="北海道" region="hokkaidou">
        <area shape="poly" alt=""
            coords="749,95, 751,95, 751,96, 750,96, 750,97, 749,97, 749,98, 748,98, 748,99, 747,99, 746,99, 745,99, 745,100, 744,100, 744,99, 743,99, 743,98, 743,97, 747,97, 747,95, 748,95, 748,94, 749,94, 749,95"
            href="javascript:window.open('/property/11hokkaidou/','_top');void(0);" region="hokkaidou">
        <area shape="poly" alt=""
            coords="601,44, 602,44, 603,44, 604,44, 604,45, 604,46, 605,46, 605,47, 605,48, 604,48, 604,49, 602,49, 602,48, 601,48, 601,47, 601,46, 601,45, 601,44"
            href="javascript:window.open('/property/11hokkaidou/','_top');void(0);" region="hokkaidou">
        <area shape="poly" alt=""
            coords="598,42, 596,42, 596,39, 596,38, 596,37, 595,37, 595,36, 595,35, 597,35, 597,36, 597,37, 598,37, 598,38, 598,42"
            href="javascript:window.open('/property/11hokkaidou/','_top');void(0);" region="hokkaidou">
        <area shape="poly" alt="" coords="802,32, 802,39, 796,39, 796,40, 795,40, 795,41, 794,41, 794,42, 793,42, 792,42, 792,43, 791,43, 790,43, 789,43, 789,44, 788,44, 788,45, 787,45, 786,45, 786,46, 785,46, 785,47, 784,47, 784,48, 783,48, 783,49, 782,49, 782,50, 782,51, 781,51, 781,52, 780,52, 780,53, 779,53, 778,53, 778,54,
777,54, 777,53, 776,53, 776,52, 775,52, 774,52, 773,52, 773,53, 772,53, 772,54, 772,55, 773,55, 773,56, 772,56, 772,57, 772,58, 771,58, 771,59, 770,59, 769,59, 769,60, 768,60, 768,61, 767,61, 767,62, 766,62, 766,63, 765,63, 765,64, 764,64, 764,65, 764,66, 763,66, 763,67, 762,67, 762,68, 761,68, 760,68, 759,68, 759,69, 759,70,
758,70, 758,71, 757,71, 757,72, 755,72, 755,70, 756,70, 756,69, 756,68, 756,67, 758,67, 758,66, 758,65, 759,65, 760,65, 761,65, 761,64, 762,64, 762,63, 763,63, 763,62, 762,62, 762,61, 761,61, 761,60, 761,59, 763,59, 764,59, 764,58, 764,57, 765,57, 765,56, 766,56, 766,55, 767,55, 768,55, 768,54, 769,54, 769,53, 770,53, 770,52,
770,49, 772,49, 773,49, 774,49, 774,48, 774,47, 775,47, 775,46, 776,46, 776,45, 777,45, 778,45, 778,44, 779,44, 779,43, 779,42, 778,42, 778,40, 778,39, 778,38, 779,38, 779,37, 780,37, 780,38, 781,38, 781,39, 781,40, 781,41, 782,41, 782,42, 785,42, 787,42, 788,42, 789,42, 789,41, 790,41, 791,41, 791,40, 792,40, 792,39, 793,39,
793,38, 794,38, 794,37, 794,36, 795,36, 795,35, 796,35, 796,34, 796,33, 797,33, 797,32, 800,32, 802,32"
            href="javascript:window.open('/property/11hokkaidou/','_top');void(0);" region="hokkaidou">
        <area shape="poly" alt=""
            coords="874,285, 874,304, 855,304, 836,304, 817,304, 798,304, 798,296, 798,292, 798,288, 798,285, 799,285, 874,285"
            href="javascript:window.open('/property/11hokkaidou/','_top');void(0);" region="hokkaidou">
        <area shape="rect" coords="823,283,881,308"
            href="javascript:window.open('/property/11hokkaidou/','_top');void(0);" alt="北海道" region="hokkaidou">
        <!-- ↑↑北海道↑↑ -->

        <!-- ↓↓青森↓↓ -->
        <area shape="poly" alt="青森県"
            coords="613,188, 613,202, 612,202, 612,201, 612,200, 612,199, 612,195, 612,192, 612,188, 613,188"
            href="javascript:window.open('/property/10aomori/','_top');void(0);" region="aomori">
        <area shape="poly" alt="青森"
            coords="582,216, 579,216, 578,216, 578,217, 577,217, 576,217, 576,216, 575,216, 575,215, 575,214, 575,213, 575,212, 574,212, 574,211, 574,210, 573,210, 573,209, 574,209, 574,208, 575,208, 575,207, 575,206, 576,206, 576,205, 577,205, 578,205, 579,205, 580,205, 580,204, 581,204, 582,204, 582,203,
583,203, 583,202, 583,201, 584,201, 584,200, 584,197, 584,195, 584,194, 584,193, 584,192, 584,191, 584,190, 585,190, 585,189, 585,188, 587,188, 587,189, 588,189, 589,189, 590,189, 590,188, 591,188, 592,188, 592,189, 593,189, 593,193, 593,195, 593,196, 593,197, 594,197, 594,198, 594,200, 594,201, 595,201, 596,201, 596,202,
597,202, 597,201, 598,201, 598,200, 599,200, 599,199, 599,196, 601,196, 601,197, 602,197, 602,198, 603,198, 603,199, 604,199, 604,200, 605,200, 606,200, 606,199, 607,199, 607,198, 608,198, 608,197, 609,197, 609,196, 609,195, 609,192, 609,189, 609,187, 608,187, 608,186, 607,186, 607,187, 606,187, 606,188, 605,188, 605,189,
604,189, 603,189, 602,189, 601,189, 601,190, 600,190, 599,190, 598,190, 598,191, 597,191, 597,190, 597,189, 597,188, 597,187, 597,186, 597,185, 597,184, 597,183, 598,183, 598,182, 598,181, 599,181, 599,180, 599,179, 600,179, 600,178, 600,177, 601,177, 601,178, 602,178, 602,179, 603,179, 604,179, 605,179, 605,180, 606,180,
606,181, 607,181, 607,182, 608,182, 608,183, 609,183, 610,183, 611,183, 612,183, 613,183, 613,182, 614,182, 614,183, 614,186, 613,186, 613,187, 613,188, 612,188, 612,192, 612,195, 612,199, 612,200, 612,201, 612,202, 613,202, 613,203, 613,204, 613,205, 614,205, 614,206, 614,207, 614,208, 614,209, 615,209, 615,210, 615,211,
616,211, 616,212, 617,212, 618,212, 618,213, 619,213, 619,214, 620,214, 620,215, 621,215, 621,216, 620,216, 620,217, 620,218, 619,218, 618,218, 618,219, 617,219, 616,219, 615,219, 614,219, 614,220, 613,220, 613,219, 612,219, 611,219, 611,220, 610,220, 609,220, 608,220, 608,221, 607,221, 603,221, 603,218, 603,217, 603,216,
602,216, 602,215, 601,215, 601,214, 599,214, 598,214, 598,215, 597,215, 596,215, 596,216, 595,216, 595,217, 593,217, 591,217, 591,216, 590,216, 589,216, 589,215, 588,215, 587,215, 586,215, 585,215, 584,215, 583,215, 582,215, 582,216"
            href="javascript:window.open('/property/10aomori/','_top');void(0);" region="aomori">
        <area shape="poly" alt="青森"
            coords="582,216, 582,215, 583,215, 584,215, 585,215, 586,215, 587,215, 588,215, 589,215, 589,216, 590,216, 591,216, 591,217, 593,217, 595,217, 595,216, 596,216, 596,215, 597,215, 598,215, 598,214, 599,214, 601,214, 601,215, 602,215, 602,216, 603,216, 603,217, 603,218, 603,221, 607,221, 608,221,
608,220, 609,220, 610,220, 611,220, 611,219, 612,219, 613,219, 613,220, 612,220, 611,220, 611,221, 610,221, 609,221, 608,221, 608,222, 607,222, 606,222, 605,222, 604,222, 603,222, 603,221, 602,221, 602,220, 602,219, 602,218, 602,217, 601,217, 601,216, 600,216, 600,215, 599,215, 599,216, 598,216, 597,216, 597,217, 596,217,
595,217, 595,218, 591,218, 590,218, 590,217, 589,217, 588,217, 588,216, 587,216, 586,216, 585,216, 584,216, 583,216, 582,216"
            href="javascript:window.open('/property/10aomori/','_top');void(0);" region="aomori">
        <area shape="poly" alt="青森"
            coords="800,374, 800,399, 791,399, 783,399, 774,399, 766,399, 757,399, 749,399, 740,399, 732,399, 732,396, 732,377, 732,374, 733,374, 742,374, 750,374, 759,374, 767,374, 776,374, 784,374, 800,374"
            href="javascript:window.open('/property/10aomori/','_top');void(0);" region="aomori">
        <!-- ↑↑青森↑↑ -->

        <!-- ↓↓岩手↓↓ -->
        <area shape="poly" alt="岩手"
            coords="620,217, 620,216, 621,216, 621,217, 622,217, 622,218, 622,219, 623,219, 623,220, 623,221, 624,221, 624,222, 624,223, 624,224, 624,225, 625,225, 625,226, 624,226, 624,227, 624,228, 625,228, 625,229, 626,229, 626,230, 627,230, 627,231, 627,233, 627,234, 628,234, 628,235, 628,238, 628,241,
628,243, 629,243, 629,244, 630,244, 630,245, 630,247, 629,247, 629,248, 628,248, 628,249, 629,249, 630,249, 630,250, 629,250, 628,250, 628,251, 627,251, 627,254, 627,256, 627,257, 626,257, 626,258, 626,259, 625,259, 625,260, 625,261, 624,261, 624,262, 625,262, 625,263, 624,263, 623,263, 622,263, 621,263, 621,264, 621,265,
620,265, 620,264, 619,264, 618,264, 618,265, 617,265, 616,265, 615,265, 615,266, 614,266, 614,267, 614,268, 613,268, 613,269, 613,270, 613,271, 612,271, 612,272, 610,272, 608,272, 608,271, 607,271, 607,270, 607,269, 606,269, 606,268, 604,268, 603,268, 603,267, 602,267, 601,267, 600,267, 599,267, 599,266, 598,266, 598,265,
597,265, 597,264, 597,263, 597,259, 597,257, 596,257, 596,256, 596,255, 595,255, 595,254, 595,253, 595,250, 596,250, 596,249, 596,248, 597,248, 597,247, 597,246, 598,246, 598,238, 598,237, 598,236, 599,236, 599,235, 599,234, 599,233, 599,230, 599,227, 599,226, 600,226, 600,225, 600,224, 600,223, 601,223, 601,222, 602,222,
602,221, 603,221, 603,222, 604,222, 605,222, 606,222, 607,222, 608,222, 608,221, 609,221, 610,221, 611,221, 611,220, 612,220, 613,220, 614,220, 614,219, 615,219, 616,219, 617,219, 618,219, 618,218, 619,218, 620,218, 620,217"
            href="javascript:window.open('/property/018iwate/','_top');void(0);" region="iwate">
        <area shape="poly" alt="岩手"
            coords="595,253, 594,253, 594,252, 594,251, 594,250, 595,250, 595,249, 595,248, 596,248, 596,247, 596,246, 596,245, 597,245, 597,241, 597,239, 597,238, 598,238, 598,246, 597,246, 597,247, 597,248, 596,248, 596,249, 596,250, 595,250, 595,253"
            href="javascript:window.open('/property/018iwate/','_top');void(0);" region="iwate">
        <area shape="poly" alt="岩手"
            coords="602,267, 603,267, 603,268, 604,268, 606,268, 606,269, 607,269, 607,270, 607,271, 608,271, 608,272, 610,272, 612,272, 612,271, 613,271, 613,270, 613,269, 613,268, 614,268, 614,267, 614,266, 615,266, 615,265, 616,265, 617,265, 618,265, 618,264, 619,264, 620,264, 620,265, 619,265, 619,266,
619,267, 618,267, 618,266, 617,266, 616,266, 616,267, 615,267, 615,268, 615,269, 614,269, 614,270, 614,271, 614,272, 613,272, 613,273, 610,273, 608,273, 608,272, 607,272, 606,272, 606,271, 606,270, 605,270, 605,269, 603,269, 602,269, 602,268, 602,267"
            href="javascript:window.open('/property/018iwate/','_top');void(0);" region="iwate">
        <area shape="poly" alt="岩手" coords="603,221, 606,221, 608,221, 608,220, 609,220, 610,220, 611,220, 611,219, 612,219, 613,219, 614,219, 614,218, 616,218, 617,218, 618,218, 618,217, 620,217, 620,218, 619,218, 618,218, 618,219, 617,219, 616,219, 615,219, 614,219, 614,220, 613,220, 612,220, 611,220, 611,221, 610,221, 609,221,
608,221, 608,222, 607,222, 606,222, 605,222, 604,222, 603,222, 603,221"
            href="javascript:window.open('/property/018iwate/','_top');void(0);" region="iwate">
        <area shape="poly" alt="岩手" coords="893,373, 893,377, 893,380, 893,386, 893,393, 893,399, 884,399, 876,399, 867,399, 859,399, 850,399, 842,399, 833,399, 825,399, 825,396, 825,393, 825,391, 825,388, 825,386, 825,383, 825,381, 825,378, 825,376, 825,373, 829,373, 831,373, 835,373, 843,373, 852,373, 860,373, 869,373, 877,373,
893,373" href="javascript:window.open('/property/018iwate/','_top');void(0);" region="iwate">
        <!-- ↑↑岩手↑↑ -->

        <!-- ↓↓秋田↓↓ -->
        <area shape="poly" alt="秋田" coords="598,216, 599,216, 599,215, 600,215, 600,216, 601,216, 601,217, 602,217, 602,218, 602,219, 602,220, 602,221, 602,222, 601,222, 601,223, 600,223, 600,224, 600,225, 600,226, 599,226, 599,227, 598,227, 598,228, 598,229, 598,230, 599,230, 599,231, 599,232, 599,233, 599,234, 599,235, 599,236,
598,236, 598,237, 598,238, 597,238, 597,239, 597,240, 597,241, 597,244, 597,245, 596,245, 596,246, 596,247, 596,248, 595,248, 595,249, 595,250, 594,250, 593,250, 593,251, 593,253, 594,253, 594,254, 594,255, 594,256, 595,256, 595,257, 595,258, 596,258, 596,259, 596,260, 596,262, 596,263, 596,264, 597,264, 597,265, 597,266,
597,267, 596,267, 595,267, 594,267, 594,268, 593,268, 593,269, 592,269, 590,269, 590,268, 590,267, 589,267, 588,267, 588,266, 587,266, 587,265, 585,265, 584,265, 584,264, 583,264, 582,264, 581,264, 580,264, 580,263, 580,262, 576,262, 576,261, 575,261, 574,261, 574,257, 574,255, 575,255, 575,254, 576,254, 576,253, 576,252,
577,252, 577,251, 577,250, 577,249, 577,248, 577,247, 577,246, 578,246, 578,245, 578,242, 578,240, 578,239, 578,238, 577,238, 577,237, 577,236, 576,236, 576,235, 575,235, 575,234, 574,234, 573,234, 572,234, 572,235, 571,235, 570,235, 569,235, 569,234, 569,233, 569,232, 568,232, 568,231, 569,231, 570,231, 571,231, 571,232,
572,232, 572,231, 573,231, 573,230, 574,230, 574,229, 575,229, 575,228, 575,227, 575,226, 576,226, 576,225, 576,224, 576,223, 577,223, 577,222, 577,221, 577,220, 577,219, 576,219, 576,218, 576,217, 578,217, 578,216, 579,216, 580,216, 581,216, 582,216, 585,216, 588,216, 588,217, 589,217, 590,217, 590,218, 591,218, 592,218,
593,218, 594,218, 595,218, 595,217, 596,217, 597,217, 597,216, 598,216"
            href="javascript:window.open('/property/12akita/','_top');void(0);" region="akita">
        <area shape="poly" alt="秋田"
            coords="598,216, 597,216, 597,217, 596,217, 595,217, 595,218, 594,218, 593,218, 592,218, 591,218, 590,218, 590,217, 589,217, 588,217, 588,216, 585,216, 585,215, 586,215, 587,215, 588,215, 589,215, 589,216, 590,216, 591,216, 591,217, 595,217, 595,216, 596,216, 596,215, 598,215, 598,216"
            href="javascript:window.open('/property/12akita/','_top');void(0);" region="akita">
        <area shape="poly" alt="秋田"
            coords="594,250, 594,253, 595,253, 595,254, 595,255, 596,255, 596,256, 596,257, 597,257, 597,258, 597,259, 597,260, 596,260, 596,259, 596,258, 595,258, 595,257, 595,256, 594,256, 594,255, 594,254, 594,253, 593,253, 593,251, 593,250, 594,250"
            href="javascript:window.open('/property/12akita/','_top');void(0);" region="akita">
        <area shape="poly" alt="秋田"
            coords="574,257, 574,261, 575,261, 576,261, 576,262, 580,262, 580,263, 578,263, 577,263, 576,263, 575,263, 575,262, 573,262, 573,259, 573,258, 573,257, 574,257"
            href="javascript:window.open('/property/12akita/','_top');void(0);" region="akita">
        <area shape="poly" alt="秋田"
            coords="801,399, 801,426, 783,426, 774,426, 766,426, 757,426, 749,426, 740,426, 732,426, 732,423, 732,402, 732,399, 801,399"
            href="javascript:window.open('/property/12akita/','_top');void(0);" region="akita">
        <!-- ↑↑秋田↑↑ -->

        <!-- ↓↓宮城↓↓ -->
        <!-- ↑↑宮城↑↑ -->

        <!-- ↓↓山形↓↓ -->
        <!-- ↑↑山形↑↑ -->

        <!-- ↓↓福島↓↓ -->
        <!-- ↑↑福島↑↑ -->

        <!-- ↓↓茨城↓↓ -->
        <area shape="poly" alt="茨城" coords="578,351, 578,352, 577,352, 577,353, 576,353, 575,353, 575,354, 574,354, 574,355, 573,355, 573,356, 572,356, 571,356, 571,357, 570,357, 569,357, 569,358, 569,359, 570,359, 570,360, 570,361, 569,361, 569,360, 568,360, 568,356, 569,356, 570,356, 570,355, 571,355, 572,355, 572,354, 573,354,
574,354, 574,353, 575,353, 575,352, 576,352, 576,351, 577,351, 578,351"
            href="javascript:window.open('/property/04ibaraki/','_top');void(0);" region="ibaraki">
        <area shape="poly" alt="茨城" coords="585,334, 585,335, 586,335, 586,336, 587,336, 587,337, 590,337, 590,336, 591,336, 591,335, 591,334, 592,334, 593,334, 595,334, 595,335, 596,335, 597,335, 597,337, 596,337, 596,338, 596,339, 595,339, 595,340, 595,343, 594,343, 594,344, 593,344, 593,345, 593,346, 593,347, 592,347, 592,348,
592,349, 592,350, 592,351, 592,352, 592,353, 591,353, 591,354, 591,355, 591,356, 591,357, 591,358, 591,359, 592,359, 592,360, 592,361, 592,362, 593,362, 593,363, 593,364, 593,365, 594,365, 594,366, 594,367, 595,367, 595,368, 596,368, 596,369, 595,369, 594,369, 594,368, 593,368, 592,368, 592,367, 590,367, 588,367, 587,367,
587,368, 586,368, 585,368, 584,368, 583,368, 582,368, 581,368, 580,368, 579,368, 578,368, 578,367, 577,367, 577,366, 576,366, 575,366, 575,365, 574,365, 574,364, 573,364, 572,364, 572,363, 572,362, 571,362, 571,361, 570,361, 570,360, 570,359, 569,359, 569,358, 569,357, 570,357, 571,357, 571,356, 572,356, 573,356, 573,355,
574,355, 574,354, 575,354, 575,353, 576,353, 577,353, 577,352, 578,352, 578,351, 578,350, 579,350, 579,351, 580,351, 581,351, 581,350, 582,350, 583,350, 583,349, 584,349, 584,348, 584,347, 584,346, 584,345, 584,344, 584,343, 583,343, 583,342, 583,341, 583,340, 584,340, 584,339, 584,338, 584,337, 584,336, 584,335, 584,334,
585,334" href="javascript:window.open('/property/04ibaraki/','_top');void(0);" region="ibaraki">
        <area shape="poly" alt="茨城"
            coords="583,343, 584,343, 584,344, 584,345, 584,346, 584,347, 584,348, 584,349, 583,349, 583,350, 582,350, 581,350, 581,351, 580,351, 579,351, 579,350, 580,350, 581,350, 581,349, 582,349, 582,348, 583,348, 583,344, 583,343"
            href="ibaraki">
        <area shape="poly" alt="茨城" coords="585,334, 586,334, 587,334, 587,335, 588,335, 588,336, 589,336, 590,336, 590,335, 590,334, 591,334, 591,333, 592,333, 593,333, 594,333, 595,333, 595,334, 596,334, 597,334, 597,335, 598,335, 598,336, 598,337, 597,337, 597,335, 596,335, 595,335, 595,334, 593,334, 592,334, 591,334, 591,335,
591,336, 590,336, 590,337, 587,337, 587,336, 586,336, 586,335, 585,335, 585,334"
            href="javascript:window.open('/property/04ibaraki/','_top');void(0);" region="ibaraki">
        <area shape="poly" alt="茨城"
            coords="802,515, 802,541, 785,541, 776,541, 768,541, 751,541, 742,541, 734,541, 734,538, 734,518, 734,515, 735,515, 744,515, 752,515, 761,515, 769,515, 778,515, 786,515, 802,515"
            href="javascript:window.open('/property/04ibaraki/','_top');void(0);" region="ibaraki">
        <!-- ↑↑茨城↑↑ -->

        <!-- ↓↓栃木↓↓ -->
        <area shape="poly" alt="栃木" coords="569,356, 568,356, 568,357, 567,357, 567,356, 566,356, 566,355, 565,355, 564,355, 564,354, 563,354, 563,355, 562,355, 562,354, 562,353, 561,353, 561,351, 561,350, 561,349, 562,349, 562,348, 562,347, 563,347, 563,346, 563,345, 562,345, 561,345, 561,344, 560,344, 559,344, 559,343, 560,343,
560,342, 560,341, 559,341, 559,340, 560,340, 560,339, 560,338, 560,337, 560,336, 560,335, 560,334, 561,334, 561,333, 562,333, 563,333, 563,332, 564,332, 565,332, 565,331, 566,331, 567,331, 568,331, 568,330, 569,330, 569,329, 570,329, 570,328, 571,328, 571,327, 572,327, 573,327, 574,327, 575,327, 576,327, 577,327, 578,327,
578,328, 579,328, 580,328, 580,329, 581,329, 582,329, 582,330, 583,330, 583,331, 583,334, 583,337, 583,338, 583,339, 584,339, 584,340, 583,340, 583,341, 583,342, 583,343, 583,344, 583,347, 583,348, 582,348, 582,349, 581,349, 581,350, 579,350, 578,350, 578,351, 577,351, 576,351, 576,352, 575,352, 575,353, 574,353, 574,354,
573,354, 572,354, 572,355, 571,355, 570,355, 570,356, 569,356"
            href="javascript:window.open('/property/14tochigi/','_top');void(0);" region="tochigi">
        <area shape="poly" alt="栃木"
            coords="583,343, 584,343, 584,344, 584,345, 584,346, 584,347, 584,348, 584,349, 583,349, 582,349, 582,350, 581,350, 581,351, 580,351, 579,351, 579,352, 578,352, 577,352, 577,353, 576,353, 576,354, 575,354, 574,354, 574,355, 573,355, 573,356, 572,356, 571,356, 571,357, 570,357, 569,357, 569,358,
568,358, 568,357, 569,357, 569,356, 570,356, 570,355, 571,355, 572,355, 572,354, 573,354, 574,354, 574,353, 575,353, 575,352, 576,352, 576,351, 577,351, 578,351, 578,350, 579,350, 581,350, 581,349, 582,349, 582,348, 583,348, 583,347, 583,344, 583,343"
            href="javascript:window.open('/property/14tochigi/','_top');void(0);" region="tochigi">
        <area shape="poly" alt="栃木"
            coords="892,515, 892,522, 892,525, 892,528, 892,532, 892,535, 892,538, 892,541, 875,541, 866,541, 858,541, 841,541, 832,541, 824,541, 824,538, 824,518, 824,515, 825,515, 834,515, 842,515, 851,515, 859,515, 868,515, 876,515, 892,515"
            href="javascript:window.open('/property/14tochigi/','_top');void(0);" region="tochigi">
        <!-- ↑↑栃木↑↑ -->

        <!-- ↓↓群馬↓↓ -->
        <area shape="poly" alt="群馬"
            coords="560,334, 560,337, 560,338, 560,339, 560,340, 559,340, 559,342, 559,344, 560,344, 560,345, 561,345, 562,345, 562,346, 561,346, 561,347, 561,348, 560,348, 560,349, 560,350, 560,351, 560,353, 561,353, 561,354, 562,354, 562,355, 563,355, 563,354, 564,354, 564,355, 565,355, 565,356, 565,357,
564,357, 563,357, 562,357, 562,356, 561,356, 560,356, 560,355, 559,355, 558,355, 557,355, 556,355, 553,355, 553,356, 552,356, 552,357, 552,358, 551,358, 551,359, 550,359, 550,360, 549,360, 548,360, 548,361, 547,361, 547,362, 546,362, 545,362, 544,362, 544,363, 543,363, 542,363, 542,362, 541,362, 541,361, 541,360, 541,359,
540,359, 540,358, 540,357, 540,356, 541,356, 541,355, 541,354, 542,354, 542,351, 541,351, 541,350, 540,350, 540,349, 539,349, 539,350, 538,350, 537,350, 536,350, 536,349, 535,349, 535,347, 536,347, 536,346, 536,345, 536,344, 537,344, 537,343, 538,343, 539,343, 539,342, 540,342, 540,341, 541,341, 541,340, 542,340, 543,340,
544,340, 545,340, 545,339, 546,339, 546,338, 547,338, 547,337, 548,337, 549,337, 549,336, 549,335, 550,335, 550,334, 551,334, 551,333, 551,332, 552,332, 552,331, 553,331, 554,331, 555,331, 556,331, 556,332, 557,332, 558,332, 558,333, 559,333, 559,334, 560,334"
            href="javascript:window.open('/property/05gunma/','_top');void(0);" region="gunma">
        <area shape="poly" alt="群馬"
            coords="802,542, 802,568, 785,568, 776,568, 768,568, 751,568, 742,568, 734,568, 734,565, 734,545, 734,542, 738,542, 740,542, 744,542, 752,542, 761,542, 769,542, 778,542, 786,542, 802,542"
            href="javascript:window.open('/property/05gunma/','_top');void(0);" region="gunma">
        <!-- ↑↑群馬↑↑ -->

        <!-- ↓↓埼玉↓↓ -->
        <area shape="poly" alt="埼玉"
            coords="555,356, 557,356, 558,356, 559,356, 560,356, 560,357, 561,357, 562,357, 563,357, 563,358, 564,358, 564,357, 565,357, 566,357, 566,358, 567,358, 568,358, 568,359, 568,360, 569,360, 569,361, 570,361, 570,362, 570,363, 571,363, 572,363, 572,364, 573,364, 573,365, 572,365, 572,366, 572,367,
573,367, 573,368, 574,368, 574,369, 574,370, 571,370, 570,370, 570,371, 569,371, 568,371, 566,371, 565,371, 565,372, 564,372, 563,372, 563,371, 562,371, 561,371, 560,371, 560,372, 559,372, 559,371, 559,370, 558,370, 558,369, 557,369, 556,369, 556,368, 554,368, 553,368, 552,368, 551,368, 551,369, 550,369, 550,368, 549,368,
548,368, 547,368, 546,368, 545,368, 545,367, 544,367, 543,367, 543,366, 543,363, 545,363, 546,363, 546,362, 547,362, 548,362, 549,362, 549,361, 550,361, 550,360, 551,360, 552,360, 552,359, 552,358, 553,358, 553,357, 554,357, 554,356, 555,356"
            href="javascript:window.open('/property/02saitama/','_top');void(0);" region="saitama">
        <area shape="poly" alt="埼玉"
            coords="547,362, 547,361, 548,361, 548,360, 549,360, 550,360, 550,359, 551,359, 551,358, 552,358, 552,357, 553,357, 553,356, 553,355, 554,355, 555,355, 555,356, 554,356, 554,357, 553,357, 553,358, 552,358, 552,359, 552,360, 551,360, 550,360, 550,361, 549,361, 549,362, 548,362, 547,362"
            href="javascript:window.open('/property/02saitama/','_top');void(0);" region="saitama">
        <area shape="poly" alt="埼玉"
            coords="892,542, 892,549, 892,552, 892,555, 892,559, 892,562, 892,565, 892,568, 875,568, 866,568, 858,568, 841,568, 832,568, 824,568, 824,565, 824,545, 824,542, 828,542, 830,542, 834,542, 842,542, 851,542, 859,542, 868,542, 876,542, 892,542"
            href="javascript:window.open('/property/02saitama/','_top');void(0);" region="saitama">
        <!-- ↑↑埼玉↑↑ -->

        <!-- ↓↓千葉↓↓ -->
        <area shape="poly" alt="千葉"
            coords="598,371, 598,373, 596,373, 595,373, 594,373, 594,374, 593,374, 593,375, 592,375, 591,375, 591,376, 590,376, 590,377, 589,377, 589,378, 588,378, 588,379, 588,380, 587,380, 587,384, 587,387, 587,388, 586,388, 586,391, 584,391, 583,391, 583,392, 582,392, 581,392, 580,392, 579,392, 579,393,
578,393, 578,394, 577,394, 577,395, 576,395, 576,396, 576,397, 575,397, 575,398, 574,398, 574,399, 573,399, 572,399, 572,398, 571,398, 571,397, 571,396, 572,396, 572,395, 572,394, 572,393, 572,392, 572,391, 572,388, 572,384, 573,384, 574,384, 574,383, 574,382, 575,382, 575,381, 576,381, 576,380, 577,380, 577,379, 578,379,
578,378, 579,378, 579,377, 578,377, 578,376, 577,376, 577,375, 576,375, 576,374, 575,374, 574,374, 574,373, 574,369, 574,368, 574,367, 574,366, 573,366, 573,365, 573,364, 574,364, 574,365, 575,365, 575,366, 576,366, 577,366, 577,367, 578,367, 578,368, 579,368, 580,368, 581,368, 582,368, 583,368, 584,368, 585,368, 586,368,
587,368, 587,367, 588,367, 589,367, 590,367, 591,367, 592,367, 592,368, 593,368, 594,368, 594,369, 595,369, 596,369, 597,369, 597,370, 598,370, 598,371"
            href="javascript:window.open('/property/16chiba/','_top');void(0);" region="chiba">
        <area shape="poly" alt="千葉"
            coords="802,569, 802,595, 785,595, 776,595, 768,595, 751,595, 742,595, 734,595, 734,592, 734,572, 734,569, 738,569, 740,569, 744,569, 752,569, 761,569, 769,569, 778,569, 786,569, 802,569"
            href="javascript:window.open('/property/16chiba/','_top');void(0);" region="chiba">
        <!-- ↑↑千葉↑↑ -->

        <!-- ↓↓東京↓↓ -->
        <area shape="poly" alt="東京" coords="552,368, 552,369, 553,369, 554,369, 555,369, 555,370, 556,370, 557,370, 557,371, 558,371, 559,371, 559,372, 560,372, 561,372, 563,372, 564,372, 565,372, 565,371, 566,371, 567,371, 568,371, 569,371, 570,371, 571,371, 572,371, 573,371, 573,372, 574,372, 574,375, 573,375, 572,375, 572,376,
571,376, 571,377, 571,378, 571,379, 570,379, 570,378, 569,378, 569,377, 568,377, 568,378, 567,378, 567,377, 566,377, 566,376, 565,376, 565,377, 564,377, 564,378, 563,378, 563,377, 562,377, 561,377, 561,378, 560,378, 560,377, 559,377, 558,377, 557,377, 556,377, 556,376, 555,376, 555,375, 554,375, 554,374, 553,374, 553,373,
552,373, 552,372, 551,372, 551,371, 550,371, 550,370, 549,370, 549,369, 550,369, 551,369, 551,368, 552,368"
            href="javascript:window.open('/property/01toukyou/','_top');void(0);" region="toukyou">
        <area shape="poly" alt="東京"
            coords="561,372, 560,372, 559,372, 559,371, 558,371, 557,371, 557,370, 556,370, 555,370, 555,369, 554,369, 553,369, 552,369, 552,368, 553,368, 554,368, 555,368, 555,369, 558,369, 558,370, 559,370, 560,370, 560,371, 561,371, 561,372"
            href="javascript:window.open('/property/01toukyou/','_top');void(0);" region="toukyou">
        <area shape="poly" alt="東京"
            coords="892,569, 892,576, 892,579, 892,582, 892,586, 892,589, 892,592, 892,595, 875,595, 866,595, 858,595, 841,595, 832,595, 824,595, 824,592, 824,572, 824,569, 828,569, 830,569, 834,569, 842,569, 851,569, 859,569, 868,569, 876,569, 892,569"
            href="javascript:window.open('/property/01toukyou/','_top');void(0);" region="toukyou">
        <!-- ↑↑東京↑↑ -->

        <!-- ↓↓神奈川↓↓ -->
        <area shape="poly" alt="神奈川"
            coords="550,383, 550,382, 550,381, 551,381, 551,380, 552,380, 552,379, 553,379, 553,378, 554,378, 554,377, 554,376, 556,376, 556,377, 557,377, 558,377, 559,377, 560,377, 560,378, 561,378, 562,378, 563,378, 564,378, 564,377, 565,377, 565,376, 566,376, 566,377, 567,377, 567,378, 568,378, 569,378,
569,379, 570,379, 570,380, 569,380, 569,381, 568,381, 568,382, 567,382, 567,383, 567,384, 567,385, 566,385, 566,386, 567,386, 568,386, 568,387, 569,387, 569,388, 568,388, 568,390, 567,390, 567,391, 566,391, 566,390, 566,389, 566,388, 566,387, 565,387, 565,386, 564,386, 563,386, 563,385, 562,385, 561,385, 560,385, 560,386,
559,386, 558,386, 557,386, 557,387, 556,387, 555,387, 555,388, 554,388, 554,391, 553,391, 552,391, 552,390, 551,390, 551,389, 551,388, 551,387, 551,386, 552,386, 552,385, 551,385, 551,384, 551,383, 550,383"
            href="javascript:window.open('/property/03kanagawa/','_top');void(0);" region="kanagawa">
        <area shape="poly" alt="神奈川"
            coords="550,383, 551,383, 551,384, 551,385, 552,385, 552,386, 551,386, 551,387, 551,388, 551,389, 551,390, 552,390, 552,391, 553,391, 554,391, 554,392, 553,392, 553,393, 552,393, 552,392, 551,392, 551,391, 550,391, 550,388, 550,386, 551,386, 551,385, 550,385, 550,384, 550,383"
            href="javascript:window.open('/property/03kanagawa/','_top');void(0);" region="kanagawa">
        <area shape="poly" alt="神奈川"
            coords="818,595, 818,621, 776,621, 734,621, 734,618, 734,598, 734,595, 735,595, 746,595, 756,595, 776,595, 779,595, 781,595, 784,595, 786,595, 789,595, 791,595, 794,595, 796,595, 816,595, 818,595"
            href="javascript:window.open('/property/03kanagawa/','_top');void(0);" region="kanagawa">
        <!-- ↑↑神奈川↑↑ -->

        <!-- ↓↓山梨↓↓ -->
        <area shape="poly" alt="山梨" coords="544,385, 542,385, 542,384, 541,384, 540,384, 540,383, 540,382, 539,382, 539,383, 538,383, 538,384, 539,384, 539,385, 538,385, 538,386, 538,387, 538,388, 537,388, 537,389, 536,389, 535,389, 535,388, 534,388, 533,388, 533,387, 532,387, 531,387, 531,386, 532,386, 532,385, 531,385, 531,384,
531,383, 530,383, 530,382, 530,381, 530,380, 530,379, 530,378, 529,378, 529,377, 530,377, 530,376, 530,375, 530,374, 530,373, 529,373, 529,372, 530,372, 530,371, 529,371, 529,370, 530,370, 530,369, 531,369, 531,368, 532,368, 533,368, 533,367, 533,366, 534,366, 535,366, 536,366, 536,367, 537,367, 538,367, 539,367, 539,368,
540,368, 541,368, 542,368, 542,367, 543,367, 544,367, 544,368, 546,368, 546,369, 547,369, 548,369, 548,370, 549,370, 549,371, 549,372, 550,372, 550,373, 551,373, 551,374, 552,374, 552,375, 553,375, 553,376, 554,376, 554,378, 553,378, 553,379, 552,379, 552,380, 551,380, 551,381, 550,381, 549,381, 549,382, 548,382, 548,383,
547,383, 547,384, 546,384, 545,384, 545,385, 544,385"
            href="javascript:window.open('/property/07yamanashi/','_top');void(0);" region="yamanashi">
        <area shape="poly" alt="山梨"
            coords="495,544, 495,568, 477,568, 468,568, 460,568, 451,568, 443,568, 434,568, 426,568, 426,565, 426,557, 426,554, 426,552, 426,547, 426,544, 430,544, 432,544, 436,544, 444,544, 453,544, 461,544, 478,544, 487,544, 495,544"
            href="javascript:window.open('/property/07yamanashi/','_top');void(0);" region="yamanashi">
        <!-- ↑↑山梨↑↑ -->

        <!-- ↓↓長野↓↓ -->
        <area shape="poly" alt="長野"
            coords="514,382, 514,388, 517,388, 518,388, 519,388, 520,388, 520,387, 521,387, 521,388, 521,389, 520,389, 518,389, 515,389, 513,389, 513,386, 513,384, 513,383, 513,382, 514,382"
            href="javascript:window.open('/property/08nagano/','_top');void(0);" region="nagano">
        <area shape="poly" alt="長野"
            coords="526,384, 526,383, 526,382, 526,381, 527,381, 527,380, 527,379, 527,378, 527,377, 528,377, 528,376, 528,375, 528,374, 528,372, 528,369, 529,369, 529,370, 529,376, 529,377, 529,378, 528,378, 528,379, 528,380, 528,381, 528,382, 527,382, 527,383, 527,384, 526,384"
            href="javascript:window.open('/property/08nagano/','_top');void(0);" region="nagano">
        <area shape="poly" alt="長野" coords="516,355, 516,348, 517,348, 517,347, 517,346, 518,346, 518,345, 518,344, 519,344, 519,343, 519,342, 519,341, 519,340, 519,339, 519,338, 519,337, 518,337, 518,336, 519,336, 519,337, 520,337, 520,336, 521,336, 521,335, 522,335, 522,334, 523,334, 523,335, 524,335, 524,336, 524,337, 525,337,
526,337, 527,337, 528,337, 528,336, 529,336, 530,336, 531,336, 531,335, 532,335, 532,334, 533,334, 533,333, 534,333, 534,332, 535,332, 535,331, 538,331, 538,332, 539,332, 539,333, 539,334, 540,334, 540,335, 541,335, 541,336, 541,337, 542,337, 542,338, 542,339, 541,339, 541,340, 540,340, 540,341, 539,341, 538,341, 538,342,
537,342, 537,343, 536,343, 536,344, 535,344, 535,347, 535,351, 541,351, 541,353, 541,354, 540,354, 540,355, 539,355, 539,356, 539,357, 539,359, 540,359, 540,360, 540,361, 540,362, 541,362, 541,363, 542,363, 542,366, 541,366, 541,367, 540,367, 540,366, 539,366, 538,366, 537,366, 536,366, 536,365, 535,365, 535,364, 534,364,
533,364, 533,365, 532,365, 532,366, 532,367, 531,367, 531,368, 530,368, 529,368, 529,369, 528,369, 528,372, 528,374, 528,375, 528,376, 528,377, 527,377, 527,378, 527,379, 527,380, 527,381, 526,381, 526,382, 526,383, 526,384, 526,385, 526,386, 525,386, 525,387, 524,387, 523,387, 523,388, 522,388, 522,387, 521,387, 520,387,
520,388, 519,388, 518,388, 517,388, 514,388, 514,382, 514,378, 514,377, 513,377, 513,376, 513,375, 512,375, 512,374, 512,373, 511,373, 511,372, 510,372, 510,371, 509,371, 509,370, 508,370, 508,369, 508,368, 509,368, 509,367, 510,367, 511,367, 512,367, 512,366, 513,366, 513,364, 514,364, 514,363, 514,362, 514,358, 515,358,
515,357, 515,356, 516,356, 516,355" href="javascript:window.open('/property/08nagano/','_top');void(0);"
            region="nagano">
        <area shape="poly" alt="長野"
            coords="529,369, 529,368, 530,368, 531,368, 531,367, 532,367, 532,366, 532,365, 533,365, 533,364, 534,364, 535,364, 535,365, 534,365, 534,366, 533,366, 533,368, 532,368, 531,368, 531,369, 530,369, 530,370, 529,370, 529,369"
            href="javascript:window.open('/property/08nagano/','_top');void(0);" region="nagano">
        <area shape="poly" alt="長野"
            coords="513,364, 513,361, 513,359, 513,358, 514,358, 514,357, 514,356, 514,355, 515,355, 516,355, 516,356, 515,356, 515,357, 515,358, 514,358, 514,362, 514,363, 514,364, 513,364"
            href="javascript:window.open('/property/08nagano/','_top');void(0);" region="nagano">
        <area shape="poly" alt="長野"
            coords="542,337, 541,337, 541,336, 541,335, 540,335, 540,334, 539,334, 539,333, 539,332, 538,332, 538,331, 535,331, 535,332, 534,332, 534,333, 533,333, 533,334, 532,334, 532,335, 531,335, 531,336, 530,336, 529,336, 528,336, 528,337, 527,337, 526,337, 525,337, 524,337, 524,336, 524,335, 525,335,
525,336, 526,336, 527,336, 528,336, 528,335, 529,335, 530,335, 530,334, 531,334, 532,334, 532,333, 532,332, 533,332, 533,331, 534,331, 534,330, 537,330, 539,330, 539,331, 540,331, 540,332, 540,333, 541,333, 541,334, 541,335, 542,335, 542,336, 542,337"
            href="javascript:window.open('/property/08nagano/','_top');void(0);" region="nagano">
        <area shape="poly" alt="長野"
            coords="587,544, 587,568, 569,568, 560,568, 552,568, 518,568, 518,565, 518,557, 518,552, 518,547, 518,544, 587,544"
            href="javascript:window.open('/property/08nagano/','_top');void(0);" region="nagano">
        <!-- ↑↑長野↑↑ -->

        <!-- ↓↓新潟↓↓ -->
        <area shape="poly" alt="新潟"
            coords="537,288, 537,289, 537,290, 536,290, 536,291, 536,292, 536,293, 535,293, 535,294, 535,295, 536,295, 536,296, 537,296, 537,295, 538,295, 539,295, 539,296, 538,296, 538,297, 537,297, 537,298, 537,299, 537,300, 536,300, 536,301, 535,301, 535,302, 534,302, 534,303, 533,303, 533,304, 532,304,
530,304, 530,303, 531,303, 531,302, 532,302, 532,301, 532,300, 532,299, 532,298, 531,298, 530,298, 530,297, 530,296, 530,295, 531,295, 531,294, 531,293, 532,293, 532,292, 533,292, 533,291, 534,291, 534,290, 534,289, 535,289, 535,288, 536,288, 536,287, 537,287, 537,288"
            href="javascript:window.open('/property/13niigata/','_top');void(0);" region="niigata">
        <area shape="poly" alt="新潟"
            coords="519,336, 518,336, 517,336, 517,335, 516,335, 516,334, 516,333, 516,332, 516,331, 517,331, 518,331, 518,330, 519,330, 520,330, 521,330, 521,329, 522,329, 522,328, 523,328, 524,328, 524,327, 525,327, 525,326, 526,326, 526,325, 527,325, 527,326, 528,326, 529,326, 530,326, 530,325, 531,325,
531,324, 532,324, 533,324, 533,323, 534,323, 534,322, 535,322, 535,321, 536,321, 536,320, 537,320, 537,319, 538,319, 538,318, 538,317, 539,317, 539,316, 540,316, 540,315, 541,315, 541,314, 542,314, 542,313, 543,313, 543,311, 544,311, 544,310, 544,309, 544,308, 545,308, 545,307, 545,306, 546,306, 546,305, 546,304, 547,304,
547,303, 548,303, 548,302, 549,302, 550,302, 550,301, 551,301, 552,301, 552,300, 553,300, 554,300, 554,299, 555,299, 555,298, 556,298, 557,298, 557,297, 558,297, 558,296, 559,296, 559,295, 560,295, 560,294, 560,293, 561,293, 561,292, 561,291, 562,291, 562,290, 562,289, 562,286, 562,285, 563,285, 563,284, 563,283, 563,282,
564,282, 564,281, 564,280, 566,280, 566,281, 567,281, 568,281, 568,282, 568,283, 569,283, 570,283, 570,284, 570,285, 571,285, 571,286, 571,287, 572,287, 572,288, 573,288, 573,289, 572,289, 572,290, 572,291, 571,291, 570,291, 570,292, 569,292, 569,293, 569,294, 568,294, 568,298, 567,298, 567,299, 567,300, 567,301, 568,301,
568,302, 568,303, 569,303, 569,304, 569,306, 568,306, 568,307, 567,307, 567,308, 566,308, 566,312, 566,313, 565,313, 565,314, 564,314, 563,314, 562,314, 562,315, 561,315, 560,315, 559,315, 559,316, 558,316, 558,317, 557,317, 557,318, 556,318, 556,322, 556,323, 556,324, 556,325, 557,325, 557,326, 557,327, 557,330, 554,330,
551,330, 551,331, 551,332, 550,332, 550,333, 549,333, 549,334, 549,335, 548,335, 548,336, 547,336, 547,337, 547,338, 545,338, 545,339, 544,339, 543,339, 542,339, 542,338, 542,337, 542,336, 542,335, 541,335, 541,334, 541,333, 540,333, 540,332, 540,331, 539,331, 539,330, 538,330, 537,330, 537,329, 536,329, 536,330, 535,330,
535,331, 534,331, 534,332, 533,332, 533,333, 532,333, 532,334, 531,334, 530,334, 530,335, 529,335, 528,335, 527,335, 527,336, 526,336, 525,336, 525,335, 524,335, 524,334, 523,334, 523,333, 522,333, 521,333, 521,334, 520,334, 520,335, 519,335, 519,336"
            href="javascript:window.open('/property/13niigata/','_top');void(0);" region="niigata">
        <area shape="poly" alt="新潟" coords="542,337, 541,337, 541,336, 541,335, 540,335, 540,334, 539,334, 539,333, 539,332, 538,332, 538,331, 535,331, 535,332, 534,332, 534,333, 533,333, 533,334, 532,334, 532,335, 531,335, 531,336, 528,336, 528,337, 527,337, 526,337, 525,337, 524,337, 524,336, 524,335, 523,335, 523,334, 522,334,
522,335, 521,335, 521,336, 520,336, 519,336, 519,335, 520,335, 520,334, 521,334, 521,333, 522,333, 523,333, 523,334, 524,334, 524,335, 525,335, 525,336, 526,336, 527,336, 527,335, 528,335, 529,335, 530,335, 530,334, 531,334, 532,334, 532,333, 533,333, 533,332, 534,332, 534,331, 535,331, 535,330, 536,330, 536,329, 537,329,
537,330, 538,330, 539,330, 539,331, 540,331, 540,332, 540,333, 541,333, 541,334, 541,335, 542,335, 542,336, 542,337"
            href="javascript:window.open('/property/13niigata/','_top');void(0);" region="niigata">
        <area shape="poly" alt="新潟"
            coords="678,544, 678,568, 660,568, 651,568, 643,568, 609,568, 609,565, 609,557, 609,554, 609,552, 609,547, 609,544, 678,544"
            href="javascript:window.open('/property/13niigata/','_top');void(0);" region="niigata">
        <!-- ↑↑新潟↑↑ -->

        <!-- ↓↓富山↓↓ -->
        <area shape="poly" alt="富山"
            coords="498,333, 498,337, 499,337, 499,338, 500,338, 500,339, 506,339, 506,338, 507,338, 507,337, 508,337, 508,336, 508,335, 509,335, 509,334, 509,333, 510,333, 511,333, 511,332, 512,332, 513,332, 514,332, 514,331, 515,331, 516,331, 516,334, 516,335, 517,335, 517,336, 518,336, 518,337, 518,338,
518,341, 518,343, 518,344, 517,344, 517,345, 518,345, 518,346, 517,346, 517,347, 516,347, 515,347, 515,348, 516,348, 516,349, 515,349, 515,350, 515,351, 512,351, 512,350, 511,350, 510,350, 509,350, 509,349, 507,349, 506,349, 505,349, 504,349, 503,349, 502,349, 501,349, 501,350, 501,351, 500,351, 500,352, 499,352, 499,353,
499,354, 498,354, 496,354, 495,354, 495,353, 494,353, 494,352, 493,352, 492,352, 492,349, 492,347, 493,347, 493,346, 493,343, 493,340, 493,339, 494,339, 494,338, 494,337, 495,337, 495,336, 495,335, 495,334, 496,334, 496,333, 498,333"
            href="javascript:window.open('/property/17toyama/','_top');void(0);" region="toyama">
        <area shape="poly" alt="富山"
            coords="501,350, 501,349, 502,349, 503,349, 504,349, 505,349, 506,349, 507,349, 509,349, 509,350, 510,350, 511,350, 512,350, 512,351, 515,351, 515,352, 514,352, 513,352, 512,352, 512,351, 511,351, 510,351, 509,351, 509,350, 501,350"
            href="javascript:window.open('/property/toyama/','_top');void(0);" region="toyama">
        <area shape="poly" alt="富山" coords="492,347, 492,344, 492,342, 492,341, 492,340, 492,339, 493,339, 493,338, 493,337, 494,337, 494,335, 494,334, 494,333, 495,333, 495,332, 496,332, 497,332, 497,331, 498,331, 499,331, 499,332, 499,333, 498,333, 496,333, 496,334, 495,334, 495,335, 495,336, 495,337, 494,337, 494,338, 494,339,
493,339, 493,340, 493,343, 493,346, 493,347, 492,347"
            href="javascript:window.open('/property/17toyama/','_top');void(0);" region="toyama">
        <area shape="poly" alt="富山"
            coords="495,570, 495,594, 477,594, 468,594, 460,594, 451,594, 443,594, 434,594, 426,594, 426,591, 426,583, 426,580, 426,578, 426,573, 426,570, 427,570, 461,570, 478,570, 487,570, 495,570"
            href="javascript:window.open('/property/17toyama/','_top');void(0);" region="toyama">
        <!-- ↑↑富山↑↑ -->

        <!-- ↓↓石川↓↓ -->
        <!-- ↑↑石川↑↑ -->

        <!-- ↓↓福井↓↓ -->
        <!-- ↑↑福井↑↑ -->

        <!-- ↓↓静岡↓↓ -->
        <area shape="poly" alt="静岡" coords="520,389, 521,389, 521,388, 522,388, 523,388, 523,387, 524,387, 525,387, 525,386, 526,386, 526,385, 526,384, 527,384, 527,383, 527,382, 528,382, 528,381, 528,380, 528,379, 528,378, 529,378, 530,378, 530,382, 530,383, 531,383, 531,384, 531,385, 531,386, 531,387, 532,387, 533,387, 533,388,
534,388, 534,389, 538,389, 538,387, 538,386, 538,385, 539,385, 539,383, 540,383, 540,384, 541,384, 542,384, 542,385, 543,385, 545,385, 545,384, 546,384, 547,384, 547,383, 548,383, 550,383, 550,385, 551,385, 551,386, 550,386, 550,387, 550,388, 550,389, 550,391, 551,391, 551,392, 552,392, 552,393, 552,394, 552,395, 553,395,
553,396, 553,398, 554,398, 554,399, 553,399, 553,400, 552,400, 552,401, 552,402, 551,402, 551,403, 551,404, 550,404, 550,405, 550,406, 549,406, 549,407, 548,407, 547,407, 547,408, 545,408, 545,407, 544,407, 544,406, 543,406, 543,405, 543,404, 544,404, 544,403, 544,402, 544,401, 544,400, 543,400, 543,399, 544,399, 544,398,
544,396, 544,395, 545,395, 546,395, 547,395, 547,394, 546,394, 546,393, 546,392, 545,392, 544,392, 544,391, 543,391, 542,391, 542,392, 541,392, 540,392, 540,393, 539,393, 538,393, 538,394, 537,394, 537,395, 537,396, 536,396, 536,397, 535,397, 535,398, 534,398, 533,398, 533,399, 532,399, 532,402, 532,403, 531,403, 531,404,
530,404, 530,405, 529,405, 529,406, 529,409, 528,409, 528,408, 527,408, 526,408, 526,407, 525,407, 522,407, 520,407, 519,407, 518,407, 517,407, 517,406, 516,406, 515,406, 512,406, 512,405, 512,403, 512,400, 513,400, 513,399, 514,399, 514,398, 515,398, 516,398, 516,397, 516,396, 517,396, 517,395, 518,395, 518,394, 518,393,
519,393, 519,392, 519,391, 519,390, 520,390, 520,389"
            href="javascript:window.open('/property/06shizuoka/','_top');void(0);" region="shizuoka">
        <area shape="poly" alt="静岡"
            coords="512,406, 511,406, 511,405, 511,404, 511,403, 511,402, 511,401, 511,400, 512,400, 512,399, 512,398, 513,398, 514,398, 514,397, 515,397, 515,396, 516,396, 516,395, 516,394, 517,394, 517,393, 517,392, 518,392, 518,391, 518,390, 519,390, 519,389, 520,389, 520,390, 519,390, 519,391, 519,392,
519,393, 518,393, 518,394, 518,395, 517,395, 517,396, 516,396, 516,397, 516,398, 515,398, 514,398, 514,399, 513,399, 513,400, 512,400, 512,403, 512,405, 512,406"
            href="javascript:window.open('/property/06shizuoka/','_top');void(0);" region="shizuoka">
        <area shape="poly" alt="静岡"
            coords="495,596, 495,620, 477,620, 468,620, 460,620, 451,620, 443,620, 434,620, 426,620, 426,617, 426,609, 426,606, 426,604, 426,601, 426,599, 426,596, 430,596, 432,596, 436,596, 444,596, 453,596, 461,596, 478,596, 487,596, 495,596"
            href="javascript:window.open('/property/06shizuoka/','_top');void(0);" region="shizuoka">
        <!-- ↑↑静岡↑↑ -->

        <!-- ↓↓愛知↓↓ -->
        <!-- ↑↑愛知↑↑ -->

        <!-- ↓↓岐阜↓↓ -->
        <area shape="poly" alt="岐阜"
            coords="488,371, 488,370, 489,370, 490,370, 491,370, 492,370, 492,367, 491,367, 491,366, 490,366, 490,365, 491,365, 491,366, 492,366, 493,366, 493,367, 493,368, 493,369, 493,370, 492,370, 492,371, 488,371"
            href="javascript:window.open('/property/09gifu/','_top');void(0);" region="gifu">
        <area shape="poly" alt="岐阜"
            coords="493,353, 493,352, 494,352, 494,353, 495,353, 495,354, 498,354, 499,354, 499,353, 499,352, 500,352, 500,351, 501,351, 501,350, 505,350, 508,350, 508,351, 509,351, 510,351, 511,351, 512,351, 512,352, 513,352, 514,352, 514,353, 515,353, 515,354, 515,355, 514,355, 514,356, 514,357, 513,357,
513,361, 513,363, 513,364, 512,364, 512,365, 511,365, 511,366, 510,366, 510,367, 509,367, 508,367, 507,367, 507,370, 508,370, 508,371, 509,371, 509,372, 510,372, 510,373, 511,373, 511,374, 511,375, 511,376, 512,376, 512,377, 512,378, 513,378, 513,379, 513,380, 513,381, 513,385, 512,385, 512,386, 511,386, 511,387, 508,387,
506,387, 503,387, 502,387, 502,386, 501,386, 500,386, 500,385, 499,385, 499,384, 498,384, 498,383, 497,383, 497,382, 496,382, 496,383, 495,383, 494,383, 494,384, 493,384, 492,384, 492,385, 491,385, 490,385, 490,386, 490,387, 489,387, 489,388, 489,389, 489,390, 487,390, 487,389, 486,389, 486,388, 485,388, 484,388, 483,388,
482,388, 482,386, 483,386, 483,385, 483,384, 483,383, 483,382, 483,380, 482,380, 482,379, 481,379, 481,378, 481,377, 480,377, 480,376, 479,376, 479,375, 479,374, 480,374, 480,373, 480,372, 481,372, 481,371, 482,371, 483,371, 484,371, 485,371, 486,371, 486,370, 487,370, 487,371, 488,371, 492,371, 492,370, 493,370, 493,369,
493,368, 493,367, 493,366, 492,366, 492,365, 491,365, 491,364, 491,361, 491,360, 492,360, 492,359, 492,358, 493,358, 493,357, 493,356, 493,355, 493,353"
            href="javascript:window.open('/property/09gifu/','_top');void(0);" region="gifu">
        <area shape="poly" alt="岐阜"
            coords="494,384, 494,383, 495,383, 496,383, 496,382, 497,382, 497,383, 498,383, 498,384, 499,384, 499,385, 500,385, 500,386, 501,386, 502,386, 502,387, 503,387, 506,387, 508,387, 511,387, 511,386, 512,386, 512,385, 513,385, 513,386, 512,386, 512,387, 512,388, 509,388, 505,388, 503,388, 502,388,
502,387, 501,387, 500,387, 499,387, 499,386, 498,386, 498,385, 497,385, 497,384, 496,384, 495,384, 495,385, 494,385, 494,384"
            href="javascript:window.open('/property/09gifu/','_top');void(0);" region="gifu">
        <area shape="poly" alt="岐阜"
            coords="493,353, 493,355, 493,356, 493,357, 493,358, 492,358, 492,359, 492,360, 491,360, 491,361, 491,364, 490,364, 490,363, 490,362, 490,361, 490,360, 490,359, 491,359, 491,358, 492,358, 492,357, 492,356, 492,355, 492,354, 492,353, 493,353"
            href="javascript:window.open('/property/09gifu/','_top');void(0);" region="gifu">
        <area shape="poly" alt="岐阜" coords="494,352, 495,352, 496,352, 496,353, 497,353, 498,353, 498,352, 498,351, 499,351, 499,350, 500,350, 501,350, 501,349, 502,349, 503,349, 504,349, 505,349, 506,349, 507,349, 508,349, 508,350, 505,350, 501,350, 501,351, 500,351, 500,352, 499,352, 499,353, 499,354, 498,354, 495,354, 495,353,
494,353, 494,352" href="javascript:window.open('/property/09gifu/','_top');void(0);" region="gifu">
        <area shape="poly" alt="岐阜"
            coords="678,596, 678,620, 660,620, 651,620, 643,620, 609,620, 609,617, 609,609, 609,606, 609,604, 609,601, 609,599, 609,596, 678,596"
            href="javascript:window.open('/property/09gifu/','_top');void(0);" region="gifu">
        <!-- ↑↑岐阜↑↑ -->

        <!-- ↓↓三重↓↓ -->
        <!-- ↑↑三重↑↑ -->

        <!-- ↓↓滋賀↓↓ -->
        <!-- ↑↑滋賀↑↑ -->

        <!-- ↓↓京都↓↓ -->
        <!-- ↑↑京都↑↑ -->

        <!-- ↓↓大阪↓↓ -->
        <!-- ↑↑大阪↑↑ -->

        <!-- ↓↓兵庫↓↓ -->
        <!-- ↑↑兵庫↑↑ -->

        <!-- ↓↓奈良↓↓ -->
        <!-- ↑↑奈良↑↑ -->

        <!-- ↓↓和歌山↓↓ -->
        <!-- ↑↑和歌山↑↑ -->

        <!-- ↓↓鳥取↓↓ -->
        <!-- ↑↑鳥取↑↑ -->

        <!-- ↓↓島根↓↓ -->
        <!-- ↑↑島根↑↑ -->

        <!-- ↓↓岡山↓↓ -->
        <!-- ↑↑岡山↑↑ -->

        <!-- ↓↓広島↓↓ -->
        <!-- ↑↑広島↑↑ -->

        <!-- ↓↓山口↓↓ -->
        <!-- ↑↑山口↑↑ -->

        <!-- ↓↓香川↓↓ -->
        <!-- ↑↑香川↑↑ -->

        <!-- ↓↓愛媛↓↓ -->
        <!-- ↑↑愛媛↑↑ -->

        <!-- ↓↓徳島↓↓ -->
        <!-- ↑↑徳島↑↑ -->

        <!-- ↓↓高知↓↓ -->
        <!-- ↑↑高知↑↑ -->

        <!-- ↓↓福岡↓↓ -->
        <!-- ↑↑福岡↑↑ -->

        <!-- ↓↓佐賀↓↓ -->
        <!-- ↑↑佐賀↑↑ -->

        <!-- ↓↓長崎↓↓ -->
        <!-- ↑↑長崎↑↑ -->

        <!-- ↓↓熊本↓↓ -->
        <!-- ↑↑熊本↑↑ -->

        <!-- ↓↓大分↓↓ -->
        <!-- ↑↑大分↑↑ -->

        <!-- ↓↓宮崎↓↓ -->
        <!-- ↑↑宮崎↑↑ -->

        <!-- ↓↓鹿児島↓↓ -->
        <!-- ↑↑鹿児島↑↑ -->

        <!-- ↓↓沖縄↓↓ -->
        <area shape="poly" alt="沖縄"
            coords="271,644, 271,648, 270,648, 270,649, 270,650, 269,650, 269,651, 268,651, 267,651, 266,651, 266,653, 266,654, 265,654, 264,654, 263,654, 263,655, 262,655, 262,656, 261,656, 261,657, 260,657, 260,658, 259,658, 258,658, 257,658, 257,661, 258,661, 258,662, 257,662, 256,662, 256,663, 255,663,
255,664, 255,665, 254,665, 254,666, 254,667, 255,667, 256,667, 256,668, 255,668, 255,669, 254,669, 253,669, 253,670, 252,670, 251,670, 251,667, 251,665, 252,665, 252,664, 253,664, 254,664, 254,662, 254,661, 254,660, 253,660, 253,659, 254,659, 254,658, 255,658, 256,658, 256,657, 257,657, 257,656, 258,656, 259,656, 259,655,
260,655, 260,654, 261,654, 261,653, 261,652, 260,652, 259,652, 258,652, 258,649, 260,649, 261,649, 261,650, 261,651, 262,651, 262,652, 263,652, 263,651, 264,651, 265,651, 265,650, 265,649, 266,649, 266,648, 267,648, 267,647, 268,647, 268,646, 269,646, 269,644, 271,644"
            href="javascript:window.open('/property/15okinawa/','_top');void(0);" region="okiwana">
        <area shape="poly" alt="沖縄"
            coords="228,423, 228,448, 210,448, 192,448, 174,448, 165,448, 157,448, 157,445, 157,442, 157,440, 157,437, 157,435, 157,426, 157,423, 161,423, 163,423, 167,423, 170,423, 172,423, 176,423, 179,423, 181,423, 185,423, 193,423, 228,423"
            href="javascript:window.open('/property/15okinawa/','_top');void(0);" region="okiwana">
        <!-- ↑↑沖縄↑↑ -->